,Unnamed: 0,Title,True Class,Model Class,Model Probability
23,23,inter_swap/yes/text (1152)-yes.txt,2,1,0.9251352619192652
51,51,inter_swap/yes/text1738238-Kolkata_9805_2021-05-26-yes.txt,2,1,0.9729365608169098
402,402,inter_swap/yes/text2316518_6394_2021-05-26-yes.txt,2,1,0.9064990099950642
539,539,inter_swap/yes/textYes185 (2)-yes.txt,2,1,0.9481963836093532
603,603,inter_swap/yes/text (196)-yes.txt,2,1,0.9154445289972644
770,770,inter_swap/yes/textNo1367-yes.txt,2,1,0.956019084150314
835,835,inter_swap/yes/textNo610-yes.txt,2,1,0.9237788577078826
993,993,inter_swap/yes/text (1235)-yes.txt,2,1,0.9135181074615912
1016,1016,inter_swap/yes/text (524)-yes.txt,2,1,0.9522172401969042
1244,1244,inter_swap/yes/textNo1013-yes.txt,2,1,0.9466164123501556
1259,1259,inter_swap/yes/text-583_12706_2021-05-26-yes.txt,2,1,0.932458810724056
1559,1559,inter_swap/yes/text3915_17627_2021-05-26-yes.txt,2,1,0.9898339238333476
1726,1726,inter_swap/yes/text2290036_6392_2021-05-26-yes.txt,2,1,0.9086510125111378
1998,1998,inter_swap/yes/text (271)-yes.txt,2,1,0.911681763114313
2078,2078,inter_swap/yes/text (716)-yes.txt,2,1,0.9533508711294228
2231,2231,inter_swap/yes/text3136474_9845_2021-05-26-yes.txt,2,1,0.9234319071696552
2249,2249,inter_swap/yes/text (184)-yes.txt,2,1,0.9076796161748578
2533,2533,inter_swap/yes/textYes35 (2)-yes.txt,2,1,0.9200677985067434
2719,2719,inter_swap/yes/text3575218_8658_2021-05-26-yes.txt,2,1,0.919636813240359
3310,3310,inter_swap/yes/text998-yes.txt,2,1,0.9061748790669332
4123,4123,inter_swap/yes/text (1401)-yes.txt,2,1,0.975045635368668
4133,4133,inter_swap/yes/text1368458_1982_2021-05-26-yes.txt,2,1,0.9539374559502228
4159,4159,inter_swap/yes/text2197510_16761_2021-05-26-yes.txt,2,1,0.9533222031708104
4453,4453,inter_swap/yes/text2164342_9817_2021-05-26-yes.txt,2,1,0.980755020359608
4522,4522,inter_swap/yes/text-711_12720_2021-05-26-yes.txt,2,1,0.9715770161848064
4699,4699,inter_swap/yes/text (274)-no.txt,2,1,0.9105388289659644
4803,4803,inter_swap/yes/text1972214_9815_2021-05-26-yes.txt,2,1,0.953376270510785
4827,4827,inter_swap/yes/text (300)-yes.txt,2,1,0.9455208066238526
4925,4925,inter_swap/yes/textNo603-yes.txt,2,1,0.9852417938969652
5166,5166,inter_swap/yes/text433104_2886_2021-05-26-yes.txt,2,1,0.9266886375266375
5241,5241,inter_swap/yes/text (528)-yes.txt,2,1,0.9572780832135648
5279,5279,inter_swap/yes/text (492)-yes.txt,2,1,0.9588358739714524
5419,5419,inter_swap/yes/text (387)-yes.txt,2,1,0.948164306248646
5421,5421,inter_swap/yes/text b (116)-yes.txt,2,1,0.9107777954646232
5484,5484,inter_swap/yes/text b (118)-yes.txt,2,1,0.9212767072391724
5727,5727,inter_swap/yes/text899353_6415_2021-05-26-yes.txt,2,1,0.9721302449087988
6139,6139,inter_swap/yes/text565260_16770_2021-05-26-yes.txt,2,1,0.986769542680484
6213,6213,inter_swap/yes/text181657_14193_2021-05-26-yes.txt,2,1,0.9814738481373568
6442,6442,inter_swap/yes/text (197)-yes.txt,2,1,0.9277628050012006
6553,6553,inter_swap/yes/text358891_8660_2021-05-26-yes.txt,2,1,0.9462055349560264
6610,6610,inter_swap/yes/text-20_12657_2021-05-26-yes.txt,2,1,0.9766767158777216
6753,6753,inter_swap/yes/text3446910_17509_2021-05-26-yes.txt,2,1,0.9797730347729704
6856,6856,inter_swap/yes/text2838925_7625_2021-05-26-yes.txt,2,1,0.9304707488303194
6916,6916,inter_swap/yes/text640289_15328_2021-05-26-yes.txt,2,1,0.9896987341572656
7021,7021,inter_swap/yes/text2452948_18065_2021-05-26-yes.txt,2,1,0.924217002798826
7034,7034,inter_swap/yes/text (1924)-yes.txt,2,1,0.9647590045786604
7211,7211,inter_swap/yes/textNo696-yes.txt,2,1,0.9755827605331489
7232,7232,inter_swap/yes/text2783779_9830_2021-05-26-yes.txt,2,1,0.9152180679179014
7275,7275,inter_swap/yes/text1977252_9636_2021-05-26-yes.txt,2,1,0.927543359862488
7305,7305,inter_swap/yes/text (121)-yes.txt,2,1,0.9219760218515471
7463,7463,inter_swap/yes/text1032776_5229_2021-05-26-yes.txt,2,1,0.9705929780789712
7855,7855,inter_swap/yes/text (1047)-yes.txt,2,1,0.907577046616856
7902,7902,inter_swap/yes/text1151996_6382_2021-05-26-yes.txt,2,1,0.949499308784904
8151,8151,inter_swap/yes/text281385_3241_2021-05-26-yes.txt,2,1,0.9058833035509068
8164,8164,inter_swap/yes/text998285_9890_2021-05-26-yes.txt,2,1,0.9326596037373526
8254,8254,inter_swap/yes/text1493915_11814_2021-05-26-yes.txt,2,1,0.9609598095349492
8450,8450,inter_swap/yes/text28-yes.txt,2,1,0.9516563889937724
8637,8637,inter_swap/yes/text (331)-yes.txt,2,1,0.9183880780458552
8662,8662,inter_swap/yes/text1506033_6386_2021-05-26-yes.txt,2,1,0.9171355532707228
9172,9172,inter_swap/yes/text2357-yes.txt,2,1,0.9392840085119528
9214,9214,inter_swap/yes/text130210_16758_2021-05-26-yes.txt,2,1,0.9042481452563708
9431,9431,inter_swap/yes/text571818_4348_2021-05-26-yes.txt,2,1,0.9708562767488372
229,229,inter_swap/yes/text3347879_11828_2021-05-26-yes.txt,2,1,0.9784036429329576
299,299,inter_swap/yes/text (1279)-no.txt,2,1,0.9603416272862996
469,469,inter_swap/yes/textNo703-yes.txt,2,1,0.9667192766551816
474,474,inter_swap/yes/text1138965_6381_2021-05-26-yes.txt,2,1,0.929143046426642
477,477,inter_swap/yes/text2116584_13787_2021-05-26-yes.txt,2,1,0.927773713393381
591,591,inter_swap/yes/text2368894_15466_2021-05-26-yes.txt,2,1,0.9614671229689804
612,612,inter_swap/yes/text192242_4823_2021-05-26-yes.txt,2,1,0.9712150390365732
713,713,inter_swap/yes/textNo181-yes.txt,2,1,0.9271538087006648
729,729,inter_swap/yes/text (1186)-yes.txt,2,1,0.9575386020412436
786,786,inter_swap/yes/text-99_12724_2021-05-26-yes.txt,2,1,0.916512557192979
967,967,inter_swap/yes/text-287_12908_2021-05-26-no.txt,2,1,0.943024656664574
1250,1250,inter_swap/yes/text b (141)-yes.txt,2,1,0.9718968953722248
1285,1285,inter_swap/yes/text-38_12682_2021-05-26-yes.txt,2,1,0.9048666059797658
1531,1531,inter_swap/yes/text968717_7753_2021-05-26-yes.txt,2,1,0.9156971987707768
1534,1534,inter_swap/yes/text941-yes.txt,2,1,0.9050740016160926
1581,1581,inter_swap/yes/text2426-yes.txt,2,1,0.9088049804647343
1858,1858,inter_swap/yes/text2669946_325_2021-05-26-yes.txt,2,1,0.9468767184030202
1895,1895,inter_swap/yes/text (303)-yes.txt,2,1,0.903524154412545
2221,2221,inter_swap/yes/text-321_12676_2021-05-26-yes.txt,2,1,0.9479592626762062
2510,2510,inter_swap/yes/text (692)-yes.txt,2,1,0.918704168015382
2638,2638,inter_swap/yes/text1013130_5228_2021-05-26-yes.txt,2,1,0.9212531023253996
3063,3063,inter_swap/yes/text949963_7750_2021-05-26-yes.txt,2,1,0.9033042654972988
3090,3090,inter_swap/yes/text671685_6412_2021-05-26-yes.txt,2,1,0.9218890878183428
3329,3329,inter_swap/yes/text-438_12686_2021-05-26-yes.txt,2,1,0.9162707469625988
3365,3365,inter_swap/yes/textNo663-yes.txt,2,1,0.9417235867412024
3752,3752,inter_swap/yes/text2574183_7949_2021-05-26-no.txt,2,1,0.903855532638382
3954,3954,inter_swap/yes/text1685661_3197_2021-05-26-yes.txt,2,1,0.9370625017704832
3988,3988,inter_swap/yes/text-342_12678_2021-05-26-yes.txt,2,1,0.9151488134820818
4122,4122,inter_swap/yes/text1176034_5235_2021-05-26-yes.txt,2,1,0.9424152758357058
4490,4490,inter_swap/yes/textNo376-yes.txt,2,1,0.9610321431867836
4824,4824,inter_swap/yes/text1927145_8171_2021-05-26-yes.txt,2,1,0.9232021756573464
5183,5183,inter_swap/yes/text (467)-yes.txt,2,1,0.947451963258
5324,5324,inter_swap/yes/textUzbekJan (1)-yes.txt,2,1,0.983435288335342
5395,5395,inter_swap/yes/text2713508_3236_2021-05-26-yes.txt,2,1,0.9391105729017404
5469,5469,inter_swap/yes/text838264_6414_2021-05-26-yes.txt,2,1,0.9124989380087192
5761,5761,inter_swap/yes/text (1685)-yes.txt,2,1,0.9559132713797476
5928,5928,inter_swap/yes/text3020928_16763_2021-05-26-yes.txt,2,1,0.9419725727585349
6027,6027,inter_swap/yes/text1928251_4074_2021-05-26-no.txt,2,1,0.9309823220957
6509,6509,inter_swap/yes/text (497)-yes.txt,2,1,0.9478689314489398
6688,6688,inter_swap/yes/text (144)-yes.txt,2,1,0.9474221445920394
6703,6703,inter_swap/yes/textNo1164-yes.txt,2,1,0.968216907659107
6712,6712,inter_swap/yes/text b (104)-yes.txt,2,1,0.9639092427649836
6933,6933,inter_swap/yes/text715676_14835_2021-05-26-yes.txt,2,1,0.9219422061516496
6964,6964,inter_swap/yes/text-468_12693_2021-05-26-yes.txt,2,1,0.9696024720555017
7020,7020,inter_swap/yes/text2922860_9677_2021-05-26-yes.txt,2,1,0.9085754529116056
7280,7280,inter_swap/yes/text1520267_316_2021-05-26-yes.txt,2,1,0.9176202589652676
7449,7449,inter_swap/yes/text1794823_3204_2021-05-26-yes.txt,2,1,0.9370162234353614
7466,7466,inter_swap/yes/text (515)-yes.txt,2,1,0.9640925083397472
7593,7593,inter_swap/yes/text (453)-no.txt,2,1,0.9152026079434494
7770,7770,inter_swap/yes/text1871398_3208_2021-05-26-yes.txt,2,1,0.9010025956006084
7876,7876,inter_swap/yes/text2263459_10344_2021-05-26-no.txt,2,1,0.930242780782278
8023,8023,inter_swap/yes/text (133)-yes.txt,2,1,0.9619458912593286
8037,8037,inter_swap/yes/text2867485_3243_2021-05-26-yes.txt,2,1,0.921624068726931
8600,8600,inter_swap/yes/text1389401_3803_2021-05-26-yes.txt,2,1,0.9596297721942486
9084,9084,inter_swap/yes/text1364701_6844_2021-05-26-yes.txt,2,1,0.9218314419090604
9291,9291,inter_swap/yes/text-352_12680_2021-05-26-yes.txt,2,1,0.937581948708052
