,Unnamed: 0,Title,True Class,Model Class,Model Probability
81,81,inter_swap/yes/text1712770_5262_2021-05-26-yes.txt,2,1,0.7291130501930045
169,169,inter_swap/yes/text1590448_3189_2021-05-26-yes.txt,2,1,0.7396669229147781
312,312,inter_swap/yes/text6684-yes.txt,2,1,0.7511148343307213
352,352,inter_swap/yes/text530750_14798_2021-05-26-yes.txt,2,1,0.7639346252722325
574,574,inter_swap/yes/text2492481_8801_2021-05-26-yes.txt,2,1,0.7892997824771361
620,620,inter_swap/yes/text (789)-yes.txt,2,1,0.7876066476338389
768,768,inter_swap/yes/text1103695_1228_2021-05-26-yes.txt,2,1,0.7018261490283664
801,801,inter_swap/yes/text19049-yes.txt,2,1,0.7646693267461429
872,872,inter_swap/yes/text205716_10266_2021-05-26-no.txt,2,1,0.7324913492008236
906,906,inter_swap/yes/text620573_5403_2021-05-26-yes.txt,2,1,0.7233652292101258
931,931,inter_swap/yes/text2221650_3222_2021-05-26-yes.txt,2,1,0.7377794702108309
949,949,inter_swap/yes/text1731779_15444_2021-05-26-yes.txt,2,1,0.7696441149375147
955,955,inter_swap/yes/text202450_9371_2021-05-26-yes.txt,2,1,0.7630732837688631
980,980,inter_swap/yes/text2877978_16684_2021-05-26-yes.txt,2,1,0.708159340185599
998,998,inter_swap/yes/text2195038_1514_2021-05-26-no.txt,2,1,0.7939821847220365
1006,1006,inter_swap/yes/text47059_4935_2021-05-26-yes.txt,2,1,0.7697457449325629
1014,1014,inter_swap/yes/text2050360_7696_2021-05-26-yes.txt,2,1,0.7223809908985217
1080,1080,inter_swap/yes/text (474)-yes.txt,2,1,0.7621132997713707
1095,1095,inter_swap/yes/text436918_2040_2021-05-26-yes.txt,2,1,0.709614835649172
1100,1100,inter_swap/yes/text138008_3088_2021-05-26-yes.txt,2,1,0.794132944318529
1114,1114,inter_swap/yes/text1342665_14694_2021-05-26-yes.txt,2,1,0.705023577563561
1138,1138,inter_swap/yes/text3294856_3254_2021-05-26-yes.txt,2,1,0.7678858332650412
1153,1153,inter_swap/yes/textYes1063-yes.txt,2,1,0.7977444826917278
1223,1223,inter_swap/yes/text2706825_15318_2021-05-26-yes.txt,2,1,0.7614396531578702
1281,1281,inter_swap/yes/text278671_5334_2021-05-26-yes.txt,2,1,0.7178308600516847
1365,1365,inter_swap/yes/text585845_5398_2021-05-26-yes.txt,2,1,0.7356470262999655
1369,1369,inter_swap/yes/text362468_18093_2021-05-26-yes.txt,2,1,0.7137642017305637
1522,1522,inter_swap/yes/text3125081_2865_2021-05-26-yes.txt,2,1,0.7321177521883468
1558,1558,inter_swap/yes/text622568_5404_2021-05-26-yes.txt,2,1,0.7494334615062572
1566,1566,inter_swap/yes/textYes701-yes.txt,2,1,0.7353624630464604
1630,1630,inter_swap/yes/text147485_8280_2021-05-26-yes.txt,2,1,0.7522203158832874
1637,1637,inter_swap/yes/text (461)-yes.txt,2,1,0.7839782439347847
1669,1669,inter_swap/yes/text3406487_3854_2021-05-26-yes.txt,2,1,0.7509829103048205
1672,1672,inter_swap/yes/text (367)-yes.txt,2,1,0.7237317792258207
1696,1696,inter_swap/yes/text1477722_3932_2021-05-26-yes.txt,2,1,0.797726158896875
1824,1824,inter_swap/yes/text-439_12687_2021-05-26-yes.txt,2,1,0.7509602472961924
1885,1885,inter_swap/yes/text312235_16523_2021-05-26-no.txt,2,1,0.766029125861569
1891,1891,inter_swap/yes/text3230416_14114_2021-05-26-no.txt,2,1,0.7454942739032395
2077,2077,inter_swap/yes/text1657203_15441_2021-05-26-yes.txt,2,1,0.7565203531639351
2086,2086,inter_swap/yes/text3561280_1243_2021-05-26-yes.txt,2,1,0.7444071029709899
2161,2161,inter_swap/yes/text1306327_3179_2021-05-26-yes.txt,2,1,0.7551311901025354
2165,2165,inter_swap/yes/textYes752-yes.txt,2,1,0.7373677250687602
2192,2192,inter_swap/yes/text1604366_8582_2021-05-26-yes.txt,2,1,0.7265410990584464
2218,2218,inter_swap/yes/text517993_4962_2021-05-26-yes.txt,2,1,0.796546193821488
2378,2378,inter_swap/yes/text3259378_5361_2021-05-26-yes.txt,2,1,0.7183795017203667
2458,2458,inter_swap/yes/text192568_9362_2021-05-26-yes.txt,2,1,0.7898328530738261
2637,2637,inter_swap/yes/text1462357_5245_2021-05-26-yes.txt,2,1,0.726148435454818
2764,2764,inter_swap/yes/text924456_7747_2021-05-26-yes.txt,2,1,0.7007942296688189
2848,2848,inter_swap/yes/text (404)-yes.txt,2,1,0.7422310521503361
2854,2854,inter_swap/yes/text2629431_6396_2021-05-26-yes.txt,2,1,0.7637797901636201
2876,2876,inter_swap/yes/text1130193_13700_2021-05-26-yes.txt,2,1,0.7334056545691945
3014,3014,inter_swap/yes/text2482168_2484_2021-05-26-yes.txt,2,1,0.7863341950909111
3043,3043,inter_swap/yes/text2317976_6395_2021-05-26-yes.txt,2,1,0.7934359793837784
3054,3054,inter_swap/yes/text1969579_3653_2021-05-26-yes.txt,2,1,0.754267106717821
3182,3182,inter_swap/yes/text2220163_5309_2021-05-26-yes.txt,2,1,0.7712188908013116
3207,3207,inter_swap/yes/text233281_247_2021-05-26-yes.txt,2,1,0.7397704651365804
3247,3247,inter_swap/yes/text3413502_13407_2021-05-26-yes.txt,2,1,0.7236025193976996
3292,3292,inter_swap/yes/text b (96)-yes.txt,2,1,0.7919301176802642
3332,3332,inter_swap/yes/text2601534_3833_2021-05-26-yes.txt,2,1,0.779991657659148
3336,3336,inter_swap/yes/text3030794_15512_2021-05-26-yes.txt,2,1,0.7360477869860483
3352,3352,inter_swap/yes/text323180_257_2021-05-26-yes.txt,2,1,0.7539380197951611
3376,3376,inter_swap/yes/text2906083_2273_2021-05-26-no.txt,2,1,0.7974495941659551
3425,3425,inter_swap/yes/text1190408_3177_2021-05-26-yes.txt,2,1,0.7448544678260299
3455,3455,inter_swap/yes/text1760026_18050_2021-05-26-yes.txt,2,1,0.7604698636297067
3558,3558,inter_swap/yes/text465202_7471_2021-05-26-yes.txt,2,1,0.7218638220713794
3595,3595,inter_swap/yes/text280688_15089_2021-05-26-no.txt,2,1,0.7199817949690457
3607,3607,inter_swap/yes/text2886815_15501_2021-05-26-yes.txt,2,1,0.7916163425017793
3643,3643,inter_swap/yes/text1787608_8168_2021-05-26-yes.txt,2,1,0.7844669996717648
3685,3685,inter_swap/yes/text (180)-yes.txt,2,1,0.7781542919167689
3744,3744,inter_swap/yes/text (337)-yes.txt,2,1,0.7078375199335254
3804,3804,inter_swap/yes/text2649562_9418_2021-05-26-yes.txt,2,1,0.7622257898314799
3899,3899,inter_swap/yes/text656830_5412_2021-05-26-yes.txt,2,1,0.7892053629014254
3938,3938,inter_swap/yes/text (256)-yes.txt,2,1,0.7927157834811508
3964,3964,inter_swap/yes/text528245_4967_2021-05-26-yes.txt,2,1,0.7188284900873175
4076,4076,inter_swap/yes/text1222433_7771_2021-05-26-no.txt,2,1,0.7143758853207414
4111,4111,inter_swap/yes/text3558057_16709_2021-05-26-yes.txt,2,1,0.7437421017668049
4273,4273,inter_swap/yes/text2302398_3225_2021-05-26-yes.txt,2,1,0.7772743528217131
4289,4289,inter_swap/yes/text1572412_8580_2021-05-26-yes.txt,2,1,0.7256668810929479
4395,4395,inter_swap/yes/text474796_14788_2021-05-26-yes.txt,2,1,0.7118295649414749
4401,4401,inter_swap/yes/text1090913_911_2021-05-26-no.txt,2,1,0.7781114247701598
4406,4406,inter_swap/yes/text3696-yes.txt,2,1,0.7665028480181748
4456,4456,inter_swap/yes/text53052_5392_2021-05-26-yes.txt,2,1,0.7534990941574737
4480,4480,inter_swap/yes/text (512)-yes.txt,2,1,0.7568481066838788
4588,4588,inter_swap/yes/text3103193_12593_2021-05-26-yes.txt,2,1,0.7135770656447842
4637,4637,inter_swap/yes/text643804_5406_2021-05-26-yes.txt,2,1,0.7462533213664939
4645,4645,inter_swap/yes/text814145_17635_2021-05-26-yes.txt,2,1,0.7491228728304717
4689,4689,inter_swap/yes/text285492_13848_2021-05-26-yes.txt,2,1,0.7841934907473951
4773,4773,inter_swap/yes/text3069152_13867_2021-05-26-yes.txt,2,1,0.7071520964932246
4779,4779,inter_swap/yes/text (2353)-yes.txt,2,1,0.7829022170230757
4825,4825,inter_swap/yes/text1914020_12564_2021-05-26-yes.txt,2,1,0.7988245923837815
4894,4894,inter_swap/yes/text1389382_4679_2021-05-26-yes.txt,2,1,0.7545869916868122
4940,4940,inter_swap/yes/text3617077_8662_2021-05-26-yes.txt,2,1,0.7563624931252926
4989,4989,inter_swap/yes/text (2364)-no.txt,2,1,0.7107069916030784
5008,5008,inter_swap/yes/text1589356_5253_2021-05-26-yes.txt,2,1,0.7091212887271845
5010,5010,inter_swap/yes/text385160_7213_2021-05-26-yes.txt,2,1,0.7250570027908005
5078,5078,inter_swap/yes/textYes501-yes.txt,2,1,0.7686819624556056
5106,5106,inter_swap/yes/text1980704_8172_2021-05-26-yes.txt,2,1,0.7910732015152236
5198,5198,inter_swap/yes/text3286888_17241_2021-05-26-yes.txt,2,1,0.7680711912783529
5311,5311,inter_swap/yes/text3101999_5349_2021-05-26-yes.txt,2,1,0.7282883441183379
5463,5463,inter_swap/yes/text1192562_13709_2021-05-26-yes.txt,2,1,0.7581424166142752
5476,5476,inter_swap/yes/text1233485_9014_2021-05-26-yes.txt,2,1,0.7945207710258804
5519,5519,inter_swap/yes/text2485330_8798_2021-05-26-yes.txt,2,1,0.7073208572750314
5597,5597,inter_swap/yes/text (979)-yes.txt,2,1,0.7475217580834692
5622,5622,inter_swap/yes/text505023_4347_2021-05-26-yes.txt,2,1,0.7348468277728301
5668,5668,inter_swap/yes/text1810177_5270_2021-05-26-yes.txt,2,1,0.700528067953387
5780,5780,inter_swap/yes/text3369132_15527_2021-05-26-yes.txt,2,1,0.7692232122487607
5833,5833,inter_swap/yes/text (177)-yes.txt,2,1,0.7914052894477043
5959,5959,inter_swap/yes/text (783)-yes.txt,2,1,0.7018786422336347
6015,6015,inter_swap/yes/text370737_11829_2021-05-26-yes.txt,2,1,0.7302509425097241
6065,6065,inter_swap/yes/text (200)-yes.txt,2,1,0.7450626011866545
6076,6076,inter_swap/yes/text2710898_2496_2021-05-26-yes.txt,2,1,0.7380091937997355
6110,6110,inter_swap/yes/text1337776_4655_2021-05-26-yes.txt,2,1,0.7123217285384931
6152,6152,inter_swap/yes/text640336_2699_2021-05-26-yes.txt,2,1,0.7199482540571882
6182,6182,inter_swap/yes/text3156337_15518_2021-05-26-yes.txt,2,1,0.7331654295685439
6268,6268,inter_swap/yes/text2063128_9376_2021-05-26-yes.txt,2,1,0.7314351536947946
6344,6344,inter_swap/yes/text799536_763_2021-05-26-yes.txt,2,1,0.7005087146339111
6357,6357,inter_swap/yes/text1113516_14646_2021-05-26-yes.txt,2,1,0.7551006716809981
6495,6495,inter_swap/yes/text2119131_5297_2021-05-26-yes.txt,2,1,0.7912508104831668
6505,6505,inter_swap/yes/text1845662_7688_2021-05-26-yes.txt,2,1,0.7368749153238743
6548,6548,inter_swap/yes/text1678879_3196_2021-05-26-yes.txt,2,1,0.7510103190227401
6552,6552,inter_swap/yes/textYes1326-yes.txt,2,1,0.7152026944269025
6568,6568,inter_swap/yes/text (302)-yes.txt,2,1,0.7829039125514452
6802,6802,inter_swap/yes/text (36)-yes.txt,2,1,0.7377662684006887
6805,6805,inter_swap/yes/text2366253_5315_2021-05-26-yes.txt,2,1,0.747031513225455
6834,6834,inter_swap/yes/text19950_7125_2021-05-26-yes.txt,2,1,0.7754814479518747
6847,6847,inter_swap/yes/text (405)-yes.txt,2,1,0.7288382724684009
6897,6897,inter_swap/yes/text (1735)-yes.txt,2,1,0.7109890760315551
7112,7112,inter_swap/yes/text708436_9873_2021-05-26-yes.txt,2,1,0.7991261553889175
7218,7218,inter_swap/yes/text2227311_18295_2021-05-26-no.txt,2,1,0.7912047985548534
7295,7295,inter_swap/yes/text410851_3141_2021-05-26-yes.txt,2,1,0.7564906025127428
7297,7297,inter_swap/yes/text1467003_17317_2021-05-26-yes.txt,2,1,0.7190482395311797
7335,7335,inter_swap/yes/text (319)-yes.txt,2,1,0.7288187159330795
7343,7343,inter_swap/yes/text1045409_11960_2021-05-26-yes.txt,2,1,0.7153045087326053
7382,7382,inter_swap/yes/textYes1643-yes.txt,2,1,0.796809621299537
7403,7403,inter_swap/yes/text156078_7414_2021-05-26-yes.txt,2,1,0.7492911928835491
7404,7404,inter_swap/yes/text483243_4946_2021-05-26-yes.txt,2,1,0.7600753779456328
7436,7436,inter_swap/yes/text808134_9879_2021-05-26-yes.txt,2,1,0.7231300119811618
7482,7482,inter_swap/yes/text1934155_13539_2021-05-26-yes.txt,2,1,0.703503601625749
7488,7488,inter_swap/yes/text1055041_16408_2021-05-26-no.txt,2,1,0.7523549664514378
7545,7545,inter_swap/yes/text2806008_3490_2021-05-26-no.txt,2,1,0.7305518762828604
7547,7547,inter_swap/yes/text2079227_16260_2021-05-26-yes.txt,2,1,0.7203355364590139
7575,7575,inter_swap/yes/text1371814_13518_2021-05-26-yes.txt,2,1,0.7338501523400478
7582,7582,inter_swap/yes/text (2435)-yes.txt,2,1,0.7080581916930359
7625,7625,inter_swap/yes/text1211928_14667_2021-05-26-yes.txt,2,1,0.7101772964833184
7694,7694,inter_swap/yes/text (89)-yes.txt,2,1,0.7262268168349642
7706,7706,inter_swap/yes/text-2_12656_2021-05-26-yes.txt,2,1,0.7803956108132246
7736,7736,inter_swap/yes/text152406_8577_2021-05-26-yes.txt,2,1,0.7435367512505717
7761,7761,inter_swap/yes/text (1857)-yes.txt,2,1,0.79535897835091
7781,7781,inter_swap/yes/text (141)-yes.txt,2,1,0.7324159401743455
7868,7868,inter_swap/yes/text1449614_615_2021-05-26-yes.txt,2,1,0.7071836240177571
7888,7888,inter_swap/yes/text2236503_9121_2021-05-26-yes.txt,2,1,0.7014170534152271
7908,7908,inter_swap/yes/text3177187_3251_2021-05-26-yes.txt,2,1,0.7753966949633779
8005,8005,inter_swap/yes/text1660706_4808_2021-05-26-yes.txt,2,1,0.7140786333777829
8074,8074,inter_swap/yes/textYes200 (2)-yes.txt,2,1,0.7224614283302222
8157,8157,inter_swap/yes/text2651046_9666_2021-05-26-yes.txt,2,1,0.7057856147410224
8283,8283,inter_swap/yes/text2716408_3237_2021-05-26-yes.txt,2,1,0.7401490420394181
8313,8313,inter_swap/yes/text3371001_3948_2021-05-26-yes.txt,2,1,0.7789131449906186
8423,8423,inter_swap/yes/text3297864_508_2021-05-26-yes.txt,2,1,0.7721605938824342
8496,8496,inter_swap/yes/text1314840_16074_2021-05-26-yes.txt,2,1,0.7185987081778448
8644,8644,inter_swap/yes/text (2783)-no.txt,2,1,0.7903425541334863
8692,8692,inter_swap/yes/text-334_12677_2021-05-26-yes.txt,2,1,0.7874733522458265
8738,8738,inter_swap/yes/text663861_2051_2021-05-26-yes.txt,2,1,0.760902020682084
8869,8869,inter_swap/yes/text2991983_7727_2021-05-26-yes.txt,2,1,0.7691373565879069
8919,8919,inter_swap/yes/text1922001_16909_2021-05-26-no.txt,2,1,0.7613859013899731
8923,8923,inter_swap/yes/text (1964)-yes.txt,2,1,0.7647491616389349
9035,9035,inter_swap/yes/text-168_12651_2021-05-26-yes.txt,2,1,0.735701616018491
9039,9039,inter_swap/yes/text2181410_15458_2021-05-26-yes.txt,2,1,0.7529700036647468
9067,9067,inter_swap/yes/text-247_12666_2021-05-26-yes.txt,2,1,0.7336500772467347
9102,9102,inter_swap/yes/text1586770_8769_2021-05-26-yes.txt,2,1,0.7548655337909839
9136,9136,inter_swap/yes/text2492945_7364_2021-05-26-yes.txt,2,1,0.7910688992896148
9225,9225,inter_swap/yes/text754152_13409_2021-05-26-yes.txt,2,1,0.7625332556312965
9294,9294,inter_swap/yes/text1388042_5242_2021-05-26-yes.txt,2,1,0.7449402772475524
9321,9321,inter_swap/yes/text754560_2895_2021-05-26-yes.txt,2,1,0.7522118722655144
9338,9338,inter_swap/yes/text (222)-yes.txt,2,1,0.7785745542468538
9402,9402,inter_swap/yes/text2242370_7432_2021-05-26-yes.txt,2,1,0.7330756486230954
9456,9456,inter_swap/yes/text3094138_8314_2021-05-26-yes.txt,2,1,0.7009451794132542
120,120,inter_swap/yes/text (500)-yes.txt,2,1,0.7677949339078923
178,178,inter_swap/yes/text (510)-yes.txt,2,1,0.7697308573321425
179,179,inter_swap/yes/text1670236_3192_2021-05-26-yes.txt,2,1,0.751435413864491
276,276,inter_swap/yes/text (103)-yes.txt,2,1,0.7679464911128728
426,426,inter_swap/yes/text (1604)-yes.txt,2,1,0.7583275469563332
428,428,inter_swap/yes/text-226_12663_2021-05-26-yes.txt,2,1,0.7217028798912553
467,467,inter_swap/yes/text133736_12296_2021-05-26-yes.txt,2,1,0.7393044405291178
564,564,inter_swap/yes/text2033933_13781_2021-05-26-yes.txt,2,1,0.7190832099672582
632,632,inter_swap/yes/textNo880-yes.txt,2,1,0.7562038743235883
658,658,inter_swap/yes/text3030408_3248_2021-05-26-yes.txt,2,1,0.7266683077971181
700,700,inter_swap/yes/text2114081_16759_2021-05-26-yes.txt,2,1,0.7633427000552524
757,757,inter_swap/yes/text1132348_9316_2021-05-26-yes.txt,2,1,0.7826187128568249
811,811,inter_swap/yes/text456002_11114_2021-05-26-yes.txt,2,1,0.7646853748349904
848,848,inter_swap/yes/text2152392_3221_2021-05-26-yes.txt,2,1,0.7744830108330192
872,872,inter_swap/yes/text (1)-yes.txt,2,1,0.71383153476692
884,884,inter_swap/yes/text2061711_10270_2021-05-26-no.txt,2,1,0.7848350918904627
941,941,inter_swap/yes/text1215295_7607_2021-05-26-yes.txt,2,1,0.7789643674498095
1020,1020,inter_swap/yes/text1899135_3209_2021-05-26-yes.txt,2,1,0.7689422250031015
1081,1081,inter_swap/yes/text53532_7224_2021-05-26-yes.txt,2,1,0.7420176799647974
1107,1107,inter_swap/yes/text20264_3941_2021-05-26-yes.txt,2,1,0.7473238991999207
1170,1170,inter_swap/yes/text15312-yes.txt,2,1,0.7487182902430034
1335,1335,inter_swap/yes/textNo62 (2)-yes.txt,2,1,0.7016716964547092
1419,1419,inter_swap/yes/text1980156_12566_2021-05-26-yes.txt,2,1,0.7961487683088941
1448,1448,inter_swap/yes/text (2342)-no.txt,2,1,0.7814349835521465
1548,1548,inter_swap/yes/text2614242_7714_2021-05-26-yes.txt,2,1,0.7219058718753728
1622,1622,inter_swap/yes/text2839922_2502_2021-05-26-yes.txt,2,1,0.7978636339544138
1671,1671,inter_swap/yes/text-197_12655_2021-05-26-yes.txt,2,1,0.7455501053261442
1728,1728,inter_swap/yes/text1604633_4790_2021-05-26-yes.txt,2,1,0.7508723198860803
1784,1784,inter_swap/yes/text (1466)-yes.txt,2,1,0.766057261559761
1807,1807,inter_swap/yes/text (182)-yes.txt,2,1,0.7812157970532002
1880,1880,inter_swap/yes/text1146977_1973_2021-05-26-yes.txt,2,1,0.7042016311251927
1956,1956,inter_swap/yes/text229592_15463_2021-05-26-yes.txt,2,1,0.7964241908597387
2062,2062,inter_swap/yes/text b (41)-yes.txt,2,1,0.7722749718354134
2197,2197,inter_swap/yes/text2151908_8175_2021-05-26-yes.txt,2,1,0.7022968143953876
2258,2258,inter_swap/yes/text1199507_13711_2021-05-26-yes.txt,2,1,0.788243662588259
2285,2285,inter_swap/yes/text264848_2012_2021-05-26-yes.txt,2,1,0.7291188870692749
2296,2296,inter_swap/yes/textNo1417-yes.txt,2,1,0.7869869138260343
2410,2410,inter_swap/yes/text (475)-yes.txt,2,1,0.7622900012103209
2437,2437,inter_swap/yes/textYes44 (2)-yes.txt,2,1,0.7011057538713221
2474,2474,inter_swap/yes/text2900684_12589_2021-05-26-yes.txt,2,1,0.7097609083865717
2591,2591,inter_swap/yes/text301537_13860_2021-05-26-yes.txt,2,1,0.7060817212139607
2631,2631,inter_swap/yes/text3225898_1241_2021-05-26-yes.txt,2,1,0.7533302499566434
2742,2742,inter_swap/yes/text3149542_17355_2021-05-26-yes.txt,2,1,0.7811161504508825
2749,2749,inter_swap/yes/text1195329_16200_2021-05-26-yes.txt,2,1,0.7656328211249799
2802,2802,inter_swap/yes/text2299836_7705_2021-05-26-yes.txt,2,1,0.7505068872693188
2921,2921,inter_swap/yes/text791730_1252_2021-05-26-yes.txt,2,1,0.737944333680159
2968,2968,inter_swap/yes/text3030034_13863_2021-05-26-yes.txt,2,1,0.7029087218613285
3032,3032,inter_swap/yes/text (1615)-yes.txt,2,1,0.7760157586886886
3266,3266,inter_swap/yes/text (428)-yes.txt,2,1,0.7979658403977531
3330,3330,inter_swap/yes/text3572863_3262_2021-05-26-yes.txt,2,1,0.7914985731480435
3342,3342,inter_swap/yes/text2504215_3117_2021-05-26-yes.txt,2,1,0.7272276673190918
3436,3436,inter_swap/yes/text200050_17327_2021-05-26-yes.txt,2,1,0.7063436665927769
3484,3484,inter_swap/yes/text909936_3275_2021-05-26-yes.txt,2,1,0.7009559975204112
3502,3502,inter_swap/yes/text329207_14760_2021-05-26-yes.txt,2,1,0.7523094535319432
3540,3540,inter_swap/yes/text2791827_12327_2021-05-26-yes.txt,2,1,0.7758700277167521
3546,3546,inter_swap/yes/text1515588_233_2021-05-26-yes.txt,2,1,0.7310991767705278
3657,3657,inter_swap/yes/text2201108_5605_2021-05-26-yes.txt,2,1,0.7218424061869599
3667,3667,inter_swap/yes/text1812155_13764_2021-05-26-yes.txt,2,1,0.7753223043764823
3709,3709,inter_swap/yes/text-202_12658_2021-05-26-yes.txt,2,1,0.7050440930467796
3842,3842,inter_swap/yes/text1325026_2437_2021-05-26-yes.txt,2,1,0.7766577279097554
4030,4030,inter_swap/yes/text3075480_15513_2021-05-26-yes.txt,2,1,0.781912958554999
4041,4041,inter_swap/yes/textYes196 (2)-yes.txt,2,1,0.7947040499437124
4069,4069,inter_swap/yes/text2940428_16687_2021-05-26-yes.txt,2,1,0.7950036546123352
4119,4119,inter_swap/yes/text1200582_12094_2021-05-26-no.txt,2,1,0.7549374224244537
4233,4233,inter_swap/yes/text1603365_16590_2021-05-26-yes.txt,2,1,0.7449126393025989
4238,4238,inter_swap/yes/text990385_8874_2021-05-26-yes.txt,2,1,0.7661466630007386
4282,4282,inter_swap/yes/text2059407_3217_2021-05-26-yes.txt,2,1,0.7460797147386351
4319,4319,inter_swap/yes/text1441679_6917_2021-05-26-yes.txt,2,1,0.7253290300765383
4453,4453,inter_swap/yes/text (59)-yes.txt,2,1,0.7492174329360535
4455,4455,inter_swap/yes/text3118613_3250_2021-05-26-yes.txt,2,1,0.7895563713573895
4475,4475,inter_swap/yes/text (174)-yes.txt,2,1,0.7182653495065076
4592,4592,inter_swap/yes/text2609209_11108_2021-05-26-yes.txt,2,1,0.7042249764381248
4694,4694,inter_swap/yes/text (343)-yes.txt,2,1,0.7962827941161482
4702,4702,inter_swap/yes/text211095(pm)_3069_2021-05-26-yes.txt,2,1,0.770620355548203
4724,4724,inter_swap/yes/text241454_8179_2021-05-26-yes.txt,2,1,0.7460510774291903
4736,4736,inter_swap/yes/text (338)-yes.txt,2,1,0.7381829309570922
4737,4737,inter_swap/yes/text342180_5372_2021-05-26-yes.txt,2,1,0.7999888441652845
4739,4739,inter_swap/yes/text1895991_8170_2021-05-26-yes.txt,2,1,0.72808067843018
4812,4812,inter_swap/yes/text2403682_11101_2021-05-26-yes.txt,2,1,0.7775668209387202
4821,4821,inter_swap/yes/text52372_16372_2021-05-26-yes.txt,2,1,0.7581558274291732
5059,5059,inter_swap/yes/text3600033_12344_2021-05-26-yes.txt,2,1,0.7052604060638277
5127,5127,inter_swap/yes/text1009826_3174_2021-05-26-yes.txt,2,1,0.7183019882921957
5139,5139,inter_swap/yes/text3432562_12598_2021-05-26-yes.txt,2,1,0.7351724892434679
5224,5224,inter_swap/yes/text12169_1229_2021-05-26-yes.txt,2,1,0.7495501980525605
5231,5231,inter_swap/yes/text (186)-yes.txt,2,1,0.7536017161285042
5267,5267,inter_swap/yes/text1573384_9624_2021-05-26-yes.txt,2,1,0.7844467878890495
5357,5357,inter_swap/yes/text2304179_7706_2021-05-26-yes.txt,2,1,0.7976411867763529
5561,5561,inter_swap/yes/text1683593_8165_2021-05-26-yes.txt,2,1,0.7506041412137279
5610,5610,inter_swap/yes/text25668_4845_2021-05-26-yes.txt,2,1,0.718313675506371
5611,5611,inter_swap/yes/text2043463_5289_2021-05-26-yes.txt,2,1,0.7608526688726497
5840,5840,inter_swap/yes/text2657079_2853_2021-05-26-yes.txt,2,1,0.7818533460851695
5878,5878,inter_swap/yes/text1224998_8563_2021-05-26-yes.txt,2,1,0.7463424815731314
5925,5925,inter_swap/yes/text178902_11093_2021-05-26-yes.txt,2,1,0.7726564382397954
5945,5945,inter_swap/yes/text1468388_6385_2021-05-26-yes.txt,2,1,0.747161229136939
5997,5997,inter_swap/yes/text314182_329_2021-05-26-yes.txt,2,1,0.7595125784994429
6120,6120,inter_swap/yes/text380057_1245_2021-05-26-yes.txt,2,1,0.7116782483090884
6252,6252,inter_swap/yes/text618133_5401_2021-05-26-yes.txt,2,1,0.7322564333401492
6294,6294,inter_swap/yes/text (245)-yes.txt,2,1,0.7330009117936462
6324,6324,inter_swap/yes/textNo291-yes.txt,2,1,0.7751076937289292
6390,6390,inter_swap/yes/text553217_6342_2021-05-26-yes.txt,2,1,0.7919816138221358
6467,6467,inter_swap/yes/text1388969_7673_2021-05-26-yes.txt,2,1,0.7391178410468706
6502,6502,inter_swap/yes/text1331038_4651_2021-05-26-yes.txt,2,1,0.7383920872036042
6527,6527,inter_swap/yes/text820932_17636_2021-05-26-yes.txt,2,1,0.7590764597212003
6586,6586,inter_swap/yes/text2984291_9836_2021-05-26-yes.txt,2,1,0.7397387761881895
6831,6831,inter_swap/yes/text (340)-yes.txt,2,1,0.7946347719561959
6859,6859,inter_swap/yes/text-557_12704_2021-05-26-yes.txt,2,1,0.704818080417597
6943,6943,inter_swap/yes/text1901697_9736_2021-05-26-no.txt,2,1,0.7229535682230253
7014,7014,inter_swap/yes/text (470)-yes.txt,2,1,0.7117605257268844
7139,7139,inter_swap/yes/textYes1603-yes.txt,2,1,0.7779418550624312
7162,7162,inter_swap/yes/text-447_12689_2021-05-26-yes.txt,2,1,0.7937428187123865
7164,7164,inter_swap/yes/text1164728_6383_2021-05-26-yes.txt,2,1,0.7309323882212504
7202,7202,inter_swap/yes/text594160_11831_2021-05-26-yes.txt,2,1,0.7619050610253539
7228,7228,inter_swap/yes/textNo245 (2)-yes.txt,2,1,0.7588743869540778
7241,7241,inter_swap/yes/text (501)-yes.txt,2,1,0.7663272617890687
7398,7398,inter_swap/yes/text b (129)-yes.txt,2,1,0.7066679039363946
7406,7406,inter_swap/yes/text3375050_9148_2021-05-26-yes.txt,2,1,0.7067475113473156
7577,7577,inter_swap/yes/text258221_17494_2021-05-26-yes.txt,2,1,0.7661487050902676
7587,7587,inter_swap/yes/text2675424_326_2021-05-26-yes.txt,2,1,0.7457908389268053
7757,7757,inter_swap/yes/text796759_6869_2021-05-26-yes.txt,2,1,0.7692142903912307
7809,7809,inter_swap/yes/text (418)-yes.txt,2,1,0.7836334893452417
7814,7814,inter_swap/yes/text1895017_17602_2021-05-26-yes.txt,2,1,0.7317392283495143
7864,7864,inter_swap/yes/textNo656-yes.txt,2,1,0.7423463332090319
8116,8116,inter_swap/yes/text (146)-yes.txt,2,1,0.7569306967947653
8173,8173,inter_swap/yes/text2007731_5287_2021-05-26-yes.txt,2,1,0.7652951406263021
8239,8239,inter_swap/yes/text2275129_419_2021-05-26-no.txt,2,1,0.7403601208992243
8253,8253,inter_swap/yes/text (333)-yes.txt,2,1,0.7673535288384918
8317,8317,inter_swap/yes/text803-yes.txt,2,1,0.7826096927363365
8324,8324,inter_swap/yes/text1849092_11455_2021-05-26-yes.txt,2,1,0.7819094389996697
8330,8330,inter_swap/yes/text1857499_15446_2021-05-26-yes.txt,2,1,0.7765062648825235
8397,8397,inter_swap/yes/text (2254)-yes.txt,2,1,0.7926541343384307
8413,8413,inter_swap/yes/text-498_12698_2021-05-26-yes.txt,2,1,0.7282384049778245
8458,8458,inter_swap/yes/text1386037_1984_2021-05-26-yes.txt,2,1,0.7171236737774129
8497,8497,inter_swap/yes/text13941-yes.txt,2,1,0.7865831032906537
8536,8536,inter_swap/yes/text (1459)-no.txt,2,1,0.7344162708622215
8568,8568,inter_swap/yes/text1122015_13507_2021-05-26-yes.txt,2,1,0.7303546018311595
8607,8607,inter_swap/yes/textYes457-yes.txt,2,1,0.7066790887195222
8621,8621,inter_swap/yes/text1550746_4771_2021-05-26-yes.txt,2,1,0.7482648214109078
8717,8717,inter_swap/yes/text2211142_11817_2021-05-26-yes.txt,2,1,0.7979166607031664
8767,8767,inter_swap/yes/text3001616_12332_2021-05-26-yes.txt,2,1,0.755858465185647
8812,8812,inter_swap/yes/textNo112-yes.txt,2,1,0.7933832718513617
8813,8813,inter_swap/yes/text1723369_8588_2021-05-26-yes.txt,2,1,0.759436898109582
8922,8922,inter_swap/yes/text (1294)-yes.txt,2,1,0.7527529658126301
8964,8964,inter_swap/yes/text-178_12652_2021-05-26-yes.txt,2,1,0.7304791692903245
9009,9009,inter_swap/yes/text (208)-yes.txt,2,1,0.7331203688390817
9134,9134,inter_swap/yes/text155861_3939_2021-05-26-yes.txt,2,1,0.7615513898625004
9251,9251,inter_swap/yes/text3608477_2884_2021-05-26-yes.txt,2,1,0.772306000510605
9325,9325,inter_swap/yes/text (1841)-yes.txt,2,1,0.7650169567022589
9332,9332,inter_swap/yes/text (1120)-yes.txt,2,1,0.7349477952113741
9358,9358,inter_swap/yes/text2591281_9018_2021-05-26-yes.txt,2,1,0.7250802117321725
9383,9383,inter_swap/yes/text595399_5400_2021-05-26-yes.txt,2,1,0.7014074884703492
9425,9425,inter_swap/yes/text-275_12668_2021-05-26-yes.txt,2,1,0.7115490589018933
